0.958564534608
0.957090689401
0.959402304729
0.964501529952
0.956923125023
0.955073230213
0.941287737458
0.915582992328
0.870709628123
0.852459087192
0.928906096029
0.948796445317
0.883995407612
0.805736956344
0.736874329344
0.588365421908
0.609782312833
0.792701556705
0.556615177157
0.460717203218
0.339482512777
0.323068551229
0.254236199629
0.173715459669
0.171412618401
0.204012746364
0.171278842718
0.15103511096
0.127452395573
0.115401897193
0.11339142108
0.127520310997
0.0858113832263
0.248957968823
0.0798785461937
0.057281690266
0.042696889522
0.0411545258733
0.0359276242117
0.0279756385665
0.0300328648736
0.0268507328261
0.0282618385068
0.0456589951551
0.0270390126864
